 5184073    9.25  -1.422  
 5439372    6.39  -2.479  
 5446927   21.88  -0.742  
 5698156    9.73  -1.289  
 5858947  168.93  -0.775  
 5953450  140.87  -0.623  
 6279038    5.59  -2.055  
 6520576   17.91  -2.289  
 6611219    6.96  -1.201  
 7191496   16.23  -2.076  
 7693833   31.73  -2.265  
 7948268  120.45  -1.199  
 8350894   12.69  -1.091  
 9335536   11.08  -1.528  
 9339711   20.51  -1.469  
 9583607   25.25   0.700   
 9696716   24.09  -1.440  
 10083815  17.99  -0.936 
 10096113  36.31  -0.717 
 10328894  30.72  -1.850 
 10460723  22.97  -1.272 
 10737052  26.57  -1.255 
 11563791  43.03  -1.114 
 11566038  31.36  -1.423 
 12017985  18.24  -1.844 
 12253381  22.00  -1.556 
